CALSPHERE 1             
1 00900U 64063C   24224.08604642  .00001593  00000+0  16508-2 0  9991
2 00900  90.2014  56.5474 0025804 170.2442 313.0998 13.75183150978570
CALSPHERE 2             
1 00902U 64063E   24223.54096451  .00000070  00000+0  92096-4 0  9993
2 00902  90.2155  60.1852 0019581  34.1551  24.1872 13.52808332764916
LCS 1                   
1 01361U 65034C   24223.73012727  .00000014  00000+0  75804-3 0  9992
2 01361  32.1463 340.8004 0007374 240.1798 119.7966  9.89305853142997
LES-5                   
1 02866U 67066E   24223.90852147 -.00000108  00000+0  00000+0 0  9994
2 02866   1.1540 131.0269 0052141 164.0474  62.0669  1.09426244123643
SURCAL 159              
1 02872U 67053F   24223.87002453  .00000470  00000+0  36078-3 0  9999
2 02872  69.9758  14.6869 0009109 276.1081  83.8988 13.99249975915729
OPS 5712 (P/L 153)      
1 02874U 67053H   24224.45308492  .00000257  00000+0  22354-3 0  9993
2 02874  69.9741 121.3477 0008308 334.0251  26.0436 13.96613379913047